procs -----------memory---------- ---swap-- -----io---- -system-- -------cpu------- -----timestamp-----
 r  b   swpd   free   buff  cache   si   so    bi    bo   in   cs us sy id wa st gu                 UTC
 1  0      0 151480  84244 3415264    0    0  1044  1530 1105    8 12  1 86  1  0  0 2026-09-28 13:33:53
 6  0      0 146956  84252 3368624    0    0    44    43 3869 7418 62  4 34  0  0  0 2026-09-28 13:33:58
 1  0      0 137060  84460 3368340    0    0    74    94 3709 6783 64  4 33  0  0  0 2026-09-28 13:34:03
 1  0      0 199304  74664 3330480    0    0    34    87 3615 6358 62  4 34  0  0  0 2026-09-28 13:34:08
 1  0      0 187876  74688 3331600    0    0    56    34 3314 6076 64  3 33  0  0  0 2026-09-28 13:34:13
 6  0      0 164704  74688 3331808    0    0     0    39 3549 6798 65  3 32  0  0  0 2026-09-28 13:34:18
 5  0      0 175072  74688 3332004    0    0     0     1 3398 6370 64  3 33  0  0  0 2026-09-28 13:34:23
 2  0      0 173960  74688 3332208    0    0     0   170 3411 6378 64  3 33  0  0  0 2026-09-28 13:34:28
 7  0      0 159560  74688 3332408    0    0     0    10 3433 6423 64  3 33  0  0  0 2026-09-28 13:34:33
 1  0      0 158448  74688 3332736    0    0    25    34 3410 6508 64  3 33  0  0  0 2026-09-28 13:34:38
 1  0      0 154436  74724 3333792    0    0    86   297 3342 6204 64  3 34  0  0  0 2026-09-28 13:34:43
 1  0      0 184948  72912 3291400    0    0     0    41 3364 6227 64  3 33  0  0  0 2026-09-28 13:34:48
 1  0      0 181656  72912 3291720    0    0    22    35 3579 7009 66  3 31  0  0  0 2026-09-28 13:34:53
 2  0      0 169312  72940 3291928    0    0     2   122 3198 5844 66  3 32  0  0  0 2026-09-28 13:34:58
 1  0      0 155116  72940 3291620    0    0    90    37 3334 6369 64  3 33  1  0  0 2026-09-28 13:35:03
 1  0      0 158768  72940 3291824    0    0     0    40 3338 6217 63  3 34  0  0  0 2026-09-28 13:35:08
 8  0      0 157360  72968 3292028    0    0     0   112 3395 6543 65  3 32  0  0  0 2026-09-28 13:35:13
 1  0      0 161228  72968 3292232    0    0     0   320 3393 6398 64  3 33  0  0  0 2026-09-28 13:35:18
 1  0      0 157220  72968 3294056    0    0    37    37 3509 6763 65  3 32  0  0  0 2026-09-28 13:35:23
 8  0      0 148396  72968 3294260    0    0     0    66 3299 6136 63  3 34  0  0  0 2026-09-28 13:35:28
 7  0      0 149272  72968 3293592    0    0    16    69 3380 6364 65  3 32  0  0  0 2026-09-28 13:35:33
procs -----------memory---------- ---swap-- -----io---- -system-- -------cpu------- -----timestamp-----
 r  b   swpd   free   buff  cache   si   so    bi    bo   in   cs us sy id wa st gu                 UTC
 4  0      0 168084  72968 3293864    0    0    14    42 3491 6661 65  3 32  0  0  0 2026-09-28 13:35:38
 1  0      0 175144  73004 3294216    0    0     0   140 3423 6229 64  3 33  0  0  0 2026-09-28 13:35:43
 7  0      0 171208  73004 3294420    0    0     0    41 3410 6532 65  3 32  0  0  0 2026-09-28 13:35:48
 1  0      0 189456  73004 3294620    0    0     0   325 3321 6071 64  3 33  0  0  0 2026-09-28 13:35:53
