procs -----------memory---------- ---swap-- -----io---- -system-- -------cpu------- -----timestamp-----
 r  b   swpd   free   buff  cache   si   so    bi    bo   in   cs us sy id wa st gu                 UTC
 0  0      0 161620  73660 3367776    0    0  1042  1523 1114    9 12  1 86  1  0  0 2026-09-28 13:36:30
 5  0      0 150648  73700 3368448    0    0   131    63 3811 7185 63  4 34  0  0  0 2026-09-28 13:36:35
 1  0      0 149324  73724 3368736    0    0     0    55 3315 5978 63  3 35  0  0  0 2026-09-28 13:36:40
 1  0      0 138328  73724 3368944    0    0     0     3 3533 7166 65  3 32  0  0  0 2026-09-28 13:36:45
 4  0      0 138624  73724 3369140    0    0     0     1 3269 6216 64  3 34  0  0  0 2026-09-28 13:36:50
 8  0      0 142744  73724 3369340    0    0     0     2 3442 6478 64  3 33  0  0  0 2026-09-28 13:36:55
 1  0      0 140564  73724 3369364    0    0     0     1 3526 6512 66  3 31  0  0  0 2026-09-28 13:37:00
 1  0      0 135492  73724 3369572    0    0     0   197 3425 6267 64  3 33  0  0  0 2026-09-28 13:37:05
 7  0      0 130532  73752 3369768    0    0     0    75 3291 6196 65  3 32  0  0  0 2026-09-28 13:37:10
 1  0      0 129472  73752 3369968    0    0     0    37 3492 6570 65  3 32  0  0  0 2026-09-28 13:37:15
 7  0      0 132300  73752 3370292    0    0    24    36 3393 6477 64  3 33  0  0  0 2026-09-28 13:37:20
 1  0      0 128804  73752 3370496    0    0     0    36 3378 6126 63  2 35  0  0  0 2026-09-28 13:37:25
 6  0      0 186480  72084 3330172    0    0    26     1 3465 6595 66  3 30  0  0  0 2026-09-28 13:37:30
 1  0      0 179072  72112 3330380    0    0     2   337 3326 6115 62  3 35  0  0  0 2026-09-28 13:37:35
 1  0      0 185996  72136 3330712    0    0    26    71 3473 6753 65  3 32  0  0  0 2026-09-28 13:37:40
 1  0      0 180068  72140 3330924    0    0     1    73 3350 6201 64  3 33  0  0  0 2026-09-28 13:37:45
 6  0      0 178556  72140 3331120    0    0     0    36 3441 7020 65  3 32  0  0  0 2026-09-28 13:37:50
 4  0      0 173724  72140 3331408    0    0     0    38 3322 6187 63  3 35  0  0  0 2026-09-28 13:37:55
 1  0      0 172292  72140 3330484    0    0    25    37 3533 6828 65  3 32  0  0  0 2026-09-28 13:38:00
 1  0      0 171220  72140 3332280    0    0    14   318 3455 6558 65  3 32  0  0  0 2026-09-28 13:38:05
 8  0      0 165048  72204 3333100    0    0   126   123 3521 6515 64  3 33  0  0  0 2026-09-28 13:38:10
procs -----------memory---------- ---swap-- -----io---- -system-- -------cpu------- -----timestamp-----
 r  b   swpd   free   buff  cache   si   so    bi    bo   in   cs us sy id wa st gu                 UTC
 2  0      0 156472  72204 3333308    0    0     0    37 3408 6482 65  3 32  0  0  0 2026-09-28 13:38:15
 8  0      0 181276  71916 3315204    0    0    14   124 3206 5644 67  3 30  0  0  0 2026-09-28 13:38:20
 1  0      0 170768  71916 3315408    0    0     1    36 3365 6468 64  3 33  0  0  0 2026-09-28 13:38:25
 1  0      0 169360  71916 3315852    0    0    48    53 3288 5842 64  3 34  0  0  0 2026-09-28 13:38:30
