procs -----------memory---------- ---swap-- -----io---- -system-- -------cpu------- -----timestamp-----
 r  b   swpd   free   buff  cache   si   so    bi    bo   in   cs us sy id wa st gu                 UTC
 0  0      0 148316  83360 3644224    0    0  1049  1540 1093    8 12  1 86  1  0  0 2026-09-28 13:29:42
 1  0      0 176092  83140 3612752    0    0  1812    79 2706 3031 45  2 52  1  0  0 2026-09-28 13:29:47
 0  0      0 163800  83140 3612892    0    0    15     0 2642 2933 46  2 52  0  0  0 2026-09-28 13:29:52
 1  0      0 159288  83140 3612944    0    0     0     1 2526 2721 46  1 53  0  0  0 2026-09-28 13:29:57
 1  0      0 151964  83164 3613512    0    0   102   166 2503 2697 46  2 53  0  0  0 2026-09-28 13:30:02
 1  0      0 150540  83180 3614296    0    0     1   169 2566 2801 46  1 52  0  0  0 2026-09-28 13:30:07
 1  0      0 161668  83204 3614368    0    0     0    25 2591 2819 46  1 52  0  0  0 2026-09-28 13:30:12
 1  0      0 161188  83204 3614468    0    0     6   122 2602 2883 46  1 52  0  0  0 2026-09-28 13:30:17
 1  0      0 130596  83212 3615364    0    0    60    14 2615 2924 47  2 52  0  0  0 2026-09-28 13:30:22
 1  0      0 129876  83212 3615440    0    0     5     9 2549 2698 46  1 52  0  0  0 2026-09-28 13:30:27
 1  0      0 128908  83212 3615544    0    0     2    14 2477 2683 45  1 53  0  0  0 2026-09-28 13:30:32
 1  0      0 128428  83212 3615740    0    0    25    14 2522 2742 46  1 53  0  0  0 2026-09-28 13:30:37
 1  0      0 120072  83252 3627104    0    0  1843    76 2641 2883 46  6 47  0  0  0 2026-09-28 13:30:42
