procs -----------memory---------- ---swap-- -----io---- -system-- -------cpu------- -----timestamp-----
 r  b   swpd   free   buff  cache   si   so    bi    bo   in   cs us sy id wa st gu                 UTC
 0  0      0 143560  83680 3570728    0    0  1048  1536 1097    8 12  1 86  1  0  0 2026-09-28 13:31:17
 4  0      0 156280  83552 3535960    0    0   247    45 3389 5863 58  3 38  0  0  0 2026-09-28 13:31:22
 2  0      0 130952  83552 3536496    0    0    22     0 3357 6032 60  3 37  0  0  0 2026-09-28 13:31:27
 1  0      0 124584  83552 3536664    0    0     0     0 3360 6181 60  2 37  0  0  0 2026-09-28 13:31:32
 1  0      0 159956  83524 3513300    0    0     0     1 3354 5971 61  3 37  0  0  0 2026-09-28 13:31:37
 1  0      0 154160  83548 3513496    0    0     0    40 3403 6096 61  3 37  0  0  0 2026-09-28 13:31:42
 1  0      0 140396  83548 3513692    0    0    15     3 3322 5818 61  2 36  0  0  0 2026-09-28 13:31:47
 1  0      0 138964  83548 3513832    0    0     3   191 3429 5977 61  2 37  0  0  0 2026-09-28 13:31:52
 6  0      0 123384  83552 3515308    0    0    58    74 3400 6115 62  2 36  0  0  0 2026-09-28 13:31:57
 3  0      0 120996  83552 3515396    0    0     0    30 3333 5995 60  2 38  0  0  0 2026-09-28 13:32:02
 7  0      0 119260  83552 3515732    0    0    28    22 3149 5458 60  2 38  0  0  0 2026-09-28 13:32:07
 2  0      0 156480  83580 3493816    0    0    46    87 3454 6159 61  2 37  0  0  0 2026-09-28 13:32:12
 1  0      0 150552  83580 3494008    0    0     0    22 3378 6203 61  2 37  0  0  0 2026-09-28 13:32:17
 1  0      0 146108  83608 3494284    0    0    32    92 3352 6100 61  3 36  0  0  0 2026-09-28 13:32:22
 7  0      0 131776  83608 3494608    0    0    26   235 3322 5879 61  3 36  0  0  0 2026-09-28 13:32:27
 6  0      0 122076  83608 3495420    0    0     0    22 3397 6082 62  2 35  0  0  0 2026-09-28 13:32:32
 1  0      0 177768  83608 3453208    0    0     0    36 3408 6040 61  3 37  0  0  0 2026-09-28 13:32:37
 5  0      0 171216  83636 3453464    0    0    12   106 3207 5457 60  2 38  0  0  0 2026-09-28 13:32:42
 4  0      0 166268  83852 3453608    0    0    46    40 3351 6167 61  3 36  0  0  0 2026-09-28 13:32:47
 1  0      0 159892  83852 3453968    0    0    33    44 3325 5685 61  2 36  0  0  0 2026-09-28 13:32:52
 1  0      0 128076  83852 3454228    0    0    27    37 3313 5760 61  3 36  0  0  0 2026-09-28 13:32:57
procs -----------memory---------- ---swap-- -----io---- -system-- -------cpu------- -----timestamp-----
 r  b   swpd   free   buff  cache   si   so    bi    bo   in   cs us sy id wa st gu                 UTC
 2  0      0 131912  83852 3454316    0    0    80   247 3458 6198 61  2 37  0  0  0 2026-09-28 13:33:02
 1  0      0 125748  83888 3457492    0    0   115   121 3461 6189 65  3 32  0  0  0 2026-09-28 13:33:07
 1  0      0 124348  83912 3457620    0    0     0    65 3361 6006 61  3 37  0  0  0 2026-09-28 13:33:12
 1  0      0 132300  83924 3439416    0    0    26    62 3326 5959 63  3 35  0  0  0 2026-09-28 13:33:17
