procs -----------memory---------- ---swap-- -----io---- -system-- -------cpu------- -----timestamp-----
 r  b   swpd   free   buff  cache   si   so    bi    bo   in   cs us sy id wa st gu                 UTC
 1  0      0 193140 114260 4483976    0    0   713  1559  894    7  9  1 89  1  0  0 2026-09-28 11:56:34
14  0      0 210788 114272 4484312    0    0     2    83 3549 10793 93  3  4  0  0  0 2026-09-28 11:56:39
13  0      0 210928 114272 4484504    0    0    14     2 3149 5836 98  2  0  0  0  0 2026-09-28 11:56:44
40  0      0 210208 114272 4484604    0    0     0     0 4003 15505 89  3  8  0  0  0 2026-09-28 11:56:49
40  0      0 228792 114272 4484668    0    0     0     1 3125 5317 98  2  0  0  0  0 2026-09-28 11:56:54
16  0      0 228072 114272 4484428    0    0     0     2 3172 5792 98  2  0  0  0  0 2026-09-28 11:56:59
19  0      0 226204 114272 4484508    0    0     0     1 3211 7787 98  2  0  0  0  0 2026-09-28 11:57:04
21  0      0 228856 114284 4485108    0    0     0   638 3184 5974 98  2  0  0  0  0 2026-09-28 11:57:09
41  0      0 248508 114284 4485208    0    0     0    20 3367 7388 97  3  0  0  0  0 2026-09-28 11:57:14
15  0      0 241300 114284 4485264    0    0     0     0 3350 6940 97  3  0  0  0  0 2026-09-28 11:57:19
16  0      0 235812 114284 4485344    0    0     0     2 3249 7687 98  2  0  0  0  0 2026-09-28 11:57:24
22  0      0 232392 114284 4485436    0    0     0    12 3234 7021 98  2  0  0  0  0 2026-09-28 11:57:29
39  0      0 231156 114284 4485524    0    0     0     8 3236 6519 98  2  0  0  0  0 2026-09-28 11:57:34
13  0      0 230248 114320 4485636    0    0     3   153 3264 7061 97  3  0  0  0  0 2026-09-28 11:57:39
 1  0      0 228520 114320 4486124    0    0     0   142 3286 5688 95  2  3  0  0  0 2026-09-28 11:57:44
25  0      0 232664 114340 4486232    0    0     2    80 3929 13984 92  3  5  0  0  0 2026-09-28 11:57:49
13  0      0 233336 114340 4486320    0    0     0     1 3151 5373 98  2  0  0  0  0 2026-09-28 11:57:54
26  0      0 256628 114340 4486128    0    0     0    10 3274 7405 98  3  0  0  0  0 2026-09-28 11:57:59
29  0      0 255236 114340 4486192    0    0     0    10 3249 6199 97  2  0  0  0  0 2026-09-28 11:58:04
17  0      0 255104 114376 4486300    0    0     0   118 3277 6969 98  2  0  0  0  0 2026-09-28 11:58:09
18  0      0 283604 114376 4486376    0    0     0    24 3320 7101 97  3  0  0  0  0 2026-09-28 11:58:14
procs -----------memory---------- ---swap-- -----io---- -system-- -------cpu------- -----timestamp-----
 r  b   swpd   free   buff  cache   si   so    bi    bo   in   cs us sy id wa st gu                 UTC
31  0      0 272828 114376 4486920    0    0     0   122 3263 6358 98  2  0  0  0  0 2026-09-28 11:58:19
30  0      0 272348 114376 4487008    0    0     0     7 3231 6472 98  2  0  0  0  0 2026-09-28 11:58:24
 6  0      0 260592 114376 4486804    0    0     3    16 3215 6264 98  2  0  0  0  0 2026-09-28 11:58:29
19  0      0 259860 114376 4486928    0    0     0    10 4361 18249 89  3  8  0  0  0 2026-09-28 11:58:34
