procs -----------memory---------- ---swap-- -----io---- -system-- -------cpu------- -----timestamp-----
 r  b   swpd   free   buff  cache   si   so    bi    bo   in   cs us sy id wa st gu                 UTC
 2  0      0 306300 114004 4479696    0    0   717  1567  882    7  8  1 90  1  0  0 2026-09-28 11:53:50
32  0      0 295156 114008 4479780    0    0    13    52 3313 8650 96  3  2  0  0  0 2026-09-28 11:53:55
13  0      0 295164 114012 4479748    0    0     0    77 3050 5198 98  2  0  0  0  0 2026-09-28 11:54:00
 1  0      0 294276 114012 4479896    0    0     0    52 3229 5922 93  2  5  0  0  0 2026-09-28 11:54:05
40  0      0 293168 114040 4479988    0    0     0   126 4450 17211 90  3  7  0  0  0 2026-09-28 11:54:10
33  0      0 283524 114040 4480032    0    0     0     2 3122 4719 98  2  0  0  0  0 2026-09-28 11:54:15
35  0      0 257724 114040 4480608    0    0     0     1 3287 7220 97  3  0  0  0  0 2026-09-28 11:54:20
16  0      0 258132 114040 4480660    0    0     0   586 3281 6559 98  2  0  0  0  0 2026-09-28 11:54:25
15  0      0 250328 114040 4480488    0    0     9    11 3224 6909 98  3  0  0  0  0 2026-09-28 11:54:30
10  0      0 255232 114040 4480560    0    0     0    14 3109 5776 98  2  0  0  0  0 2026-09-28 11:54:35
31  0      0 252996 114052 4481232    0    0     0   160 4446 18566 84  3 13  0  0  0 2026-09-28 11:54:40
25  0      0 248748 114052 4481276    0    0     0    12 3086 4792 98  2  0  0  0  0 2026-09-28 11:54:45
12  0      0 244908 114052 4481396    0    0     0   102 3187 5920 98  2  0  0  0  0 2026-09-28 11:54:50
23  0      0 241080 114072 4481944    0    0     4   130 3439 9421 93  3  4  0  0  0 2026-09-28 11:54:55
35  0      0 238924 114072 4481668    0    0     0    14 3022 4741 98  2  0  0  0  0 2026-09-28 11:55:00
19  0      0 239188 114072 4481808    0    0     0    10 3214 6905 98  2  0  0  0  0 2026-09-28 11:55:05
33  0      0 241872 114088 4481856    0    0     0    48 3308 7438 97  3  0  0  0  0 2026-09-28 11:55:10
40  0      0 234840 114088 4481940    0    0     1    44 3263 6888 98  2  0  0  0  0 2026-09-28 11:55:15
 1  0      0 230096 114088 4482032    0    0     0     1 3383 7892 96  3  2  0  0  0 2026-09-28 11:55:20
25  0      0 230404 114088 4482112    0    0     0    74 3269 6740 97  2  1  0  0  0 2026-09-28 11:55:25
20  0      0 226656 114088 4482404    0    0     0    91 3292 7729 97  3  0  0  0  0 2026-09-28 11:55:30
procs -----------memory---------- ---swap-- -----io---- -system-- -------cpu------- -----timestamp-----
 r  b   swpd   free   buff  cache   si   so    bi    bo   in   cs us sy id wa st gu                 UTC
40  0      0 223080 114088 4482476    0    0     0   298 3167 6106 98  2  0  0  0  0 2026-09-28 11:55:35
22  0      0 225808 114116 4482908    0    0    26   126 3192 6925 97  3  0  0  0  0 2026-09-28 11:55:40
17  0      0 222536 114116 4482988    0    0     0     4 3314 7488 97  3  0  0  0  0 2026-09-28 11:55:45
30  0      0 240788 114116 4483060    0    0     0    12 3235 6503 98  2  0  0  0  0 2026-09-28 11:55:50
