procs -----------memory---------- ---swap-- -----io---- -system-- -------cpu------- -----timestamp-----
 r  b   swpd   free   buff  cache   si   so    bi    bo   in   cs us sy id wa st gu                 UTC
 0  0      0 207976 113380 4464568    0    0   723  1579  868    7  8  1 90  1  0  0 2026-09-28 11:49:40
 1  0      0 229568 113400 4464584    0    0     4    66 2420 2585 51  1 48  0  0  0 2026-09-28 11:49:45
 1  0      0 230552 113404 4464988    0    0     2    36 2336 2433 51  1 48  0  0  0 2026-09-28 11:49:50
 1  0      0 230168 113404 4465048    0    0     0     0 2369 2502 51  1 48  0  0  0 2026-09-28 11:49:55
 1  0      0 310308 113404 4465052    0    0     0     1 2337 2353 52  2 47  0  0  0 2026-09-28 11:50:00
 0  0      0 312016 113408 4465204    0    0    20     2 2309 2390 51  1 48  0  0  0 2026-09-28 11:50:05
 1  0      0 313004 113416 4465252    0    0     0    34 2297 2352 50  1 49  0  0  0 2026-09-28 11:50:10
 1  0      0 309964 113428 4465404    0    0    19   579 2346 2528 51  1 48  0  0  0 2026-09-28 11:50:15
 1  0      0 310920 113428 4465452    0    0     0    80 2320 2424 50  1 49  0  0  0 2026-09-28 11:50:20
 1  0      0 295464 113428 4465916    0    0     0    10 2332 2472 51  1 48  0  0  0 2026-09-28 11:50:25
 1  0      0 290708 113428 4465684    0    0     0     9 2310 2366 51  1 48  0  0  0 2026-09-28 11:50:30
 1  0      0 290340 113428 4465736    0    0     0    11 2321 2432 51  1 48  0  0  0 2026-09-28 11:50:35
 1  0      0 289308 113440 4466252    0    0     0   109 2290 2353 50  1 49  0  0  0 2026-09-28 11:50:40
