procs -----------memory---------- ---swap-- -----io---- -system-- -------cpu------- -----timestamp-----
 r  b   swpd   free   buff  cache   si   so    bi    bo   in   cs us sy id wa st gu                 UTC
 1  0      0 257292 113756 4475128    0    0   721  1575  872    7  8  1 90  1  0  0 2026-09-28 11:51:14
10  0      0 265828 113772 4475156    0    0     4    61 2995 4732 96  2  3  0  0  0 2026-09-28 11:51:19
10  0      0 267004 113772 4475244    0    0     2    57 2880 3937 98  2  0  0  0  0 2026-09-28 11:51:24
10  0      0 274460 113772 4475660    0    0     0     1 2950 4147 98  2  0  0  0  0 2026-09-28 11:51:29
10  0      0 272984 113772 4475732    0    0     0     0 2899 4143 98  2  0  0  0  0 2026-09-28 11:51:34
10  0      0 266960 113788 4475920    0    0     3    57 2877 3971 98  2  0  0  0  0 2026-09-28 11:51:39
 9  0      0 266480 113788 4475984    0    0     0     2 2811 3717 98  2  0  0  0  0 2026-09-28 11:51:44
11  0      0 265424 113788 4476048    0    0     0   448 2926 4109 98  2  0  0  0  0 2026-09-28 11:51:49
10  0      0 264800 113788 4476112    0    0     0    14 2914 4079 98  2  0  0  0  0 2026-09-28 11:51:54
 8  0      0 264560 113788 4476116    0    0     0    92 2913 4023 98  2  0  0  0  0 2026-09-28 11:51:59
10  0      0 263584 113788 4476604    0    0     0    10 2963 4243 96  2  2  0  0  0 2026-09-28 11:52:04
10  0      0 264152 113788 4476672    0    0     0    55 2856 3868 98  2  0  0  0  0 2026-09-28 11:52:09
10  0      0 260112 113788 4476736    0    0     0     1 2921 4147 98  2  0  0  0  0 2026-09-28 11:52:14
10  0      0 261376 113788 4476820    0    0     7    98 2860 3956 98  2  0  0  0  0 2026-09-28 11:52:19
 4  0      0 263172 113824 4476892    0    0     4    66 2988 4250 98  2  0  0  0  0 2026-09-28 11:52:24
10  0      0 262452 113824 4476648    0    0     1    23 2872 4136 98  2  0  0  0  0 2026-09-28 11:52:29
10  0      0 325080 113832 4476724    0    0     1    30 2857 3824 98  2  0  0  0  0 2026-09-28 11:52:34
10  0      0 322292 113844 4477216    0    0     0   129 2883 3955 98  2  0  0  0  0 2026-09-28 11:52:39
10  0      0 321432 113844 4477284    0    0     0    36 2883 3963 98  2  0  0  0  0 2026-09-28 11:52:44
11  0      0 320840 113844 4477396    0    0    10    38 2864 3735 98  2  0  0  0  0 2026-09-28 11:52:49
12  0      0 317076 113844 4477408    0    0     0    12 2911 3922 98  2  0  0  0  0 2026-09-28 11:52:54
procs -----------memory---------- ---swap-- -----io---- -system-- -------cpu------- -----timestamp-----
 r  b   swpd   free   buff  cache   si   so    bi    bo   in   cs us sy id wa st gu                 UTC
11  0      0 316572 113844 4477476    0    0     0    11 2802 3678 98  2  0  0  0  0 2026-09-28 11:52:59
10  0      0 313604 113844 4477540    0    0     0    10 2884 3838 98  2  0  0  0  0 2026-09-28 11:53:04
14  0      0 314796 113848 4477604    0    0     0    65 2888 3907 98  2  0  0  0  0 2026-09-28 11:53:09
13  0      0 316444 113848 4478064    0    0     0    95 2833 3764 98  2  0  0  0  0 2026-09-28 11:53:14
