procs -----------memory---------- ---swap-- -----io---- -system-- -------cpu------- -----timestamp-----
 r  b   swpd   free   buff  cache   si   so    bi    bo   in   cs us sy id wa st gu                 UTC
 2  0      0 1900996  49004 3002412    0    0   763  1476  949    8 10  1 88  1  0  0 2026-09-28 12:24:44
 1  0      0 1910884  49040 3002664    0    0    40    58 2670 3595 55  2 42  0  0  0 2026-09-28 12:24:49
 1  0      0 1907888  49160 3003044    0    0    99     1 2541 3173 55  2 42  0  0  0 2026-09-28 12:24:54
 1  0      0 1905768  49160 3003832    0    0    72     4 2437 2837 56  2 42  0  0  0 2026-09-28 12:24:59
 1  0      0 1890576  49180 3011200    0    0  1450     0 2611 3322 58  2 39  1  0  0 2026-09-28 12:25:04
 1  0      0 1901508  49204 3011268    0    0     0    41 2577 3216 56  2 42  0  0  0 2026-09-28 12:25:09
 1  0      0 1896956  49204 3012244    0    0   181    44 2594 3206 57  2 41  0  0  0 2026-09-28 12:25:14
 1  0      0 1892512  49204 3012248    0    0     0   535 2568 3140 57  2 41  0  0  0 2026-09-28 12:25:19
 1  0      0 1898112  49204 3012380    0    0     0    10 2619 3290 56  2 42  0  0  0 2026-09-28 12:25:24
 4  0      0 1895032  49204 3012484    0    0    17    10 2502 2989 56  1 42  0  0  0 2026-09-28 12:25:29
 2  0      0 1880124  49204 3013276    0    0    39    86 2504 3099 56  2 42  0  0  0 2026-09-28 12:25:34
 1  0      0 1871632  49232 3013352    0    0     0    66 2445 2856 56  1 43  0  0  0 2026-09-28 12:25:39
 1  0      0 1872876  49232 3013404    0    0     3    15 2549 3165 57  2 41  0  0  0 2026-09-28 12:25:44
 2  0      0 1872820  49276 3013552    0    0     6    74 2578 3273 58  2 41  0  0  0 2026-09-28 12:25:49
 1  0      0 1875016  49284 3013632    0    0    17    35 2546 3149 56  1 42  0  0  0 2026-09-28 12:25:54
 4  0      0 1874812  49284 3013664    0    0    42    13 2436 2870 56  1 43  0  0  0 2026-09-28 12:25:59
 1  0      0 1883956  49284 3013768    0    0     6    14 2501 2970 56  1 42  0  0  0 2026-09-28 12:26:04
 1  0      0 1877424  49312 3014848    0    0    91   176 2614 3344 57  2 41  0  0  0 2026-09-28 12:26:09
 1  0      0 1867948  49312 3014924    0    0     0    42 2434 2852 56  2 42  0  0  0 2026-09-28 12:26:14
 1  0      0 1863624  49316 3014996    0    0     1    22 2557 3124 57  2 41  0  0  0 2026-09-28 12:26:19
 1  0      0 1868328  49316 3015116    0    0    28    14 2594 3277 57  1 41  0  0  0 2026-09-28 12:26:24
procs -----------memory---------- ---swap-- -----io---- -system-- -------cpu------- -----timestamp-----
 r  b   swpd   free   buff  cache   si   so    bi    bo   in   cs us sy id wa st gu                 UTC
 2  0      0 1879032  49316 3015424    0    0    43    17 2569 3190 57  2 42  0  0  0 2026-09-28 12:26:29
 1  0      0 1875780  49316 3015556    0    0     0    14 2516 3122 56  2 42  0  0  0 2026-09-28 12:26:34
 1  0      0 1874740  49340 3016300    0    0    35    65 2591 3229 57  2 42  0  0  0 2026-09-28 12:26:39
 1  0      0 1869264  49344 3016412    0    0    18   127 2612 3274 57  2 41  0  0  0 2026-09-28 12:26:44
