procs -----------memory---------- ---swap-- -----io---- -system-- -------cpu------- -----timestamp-----
 r  b   swpd   free   buff  cache   si   so    bi    bo   in   cs us sy id wa st gu                 UTC
 0  0      0 1844288  49608 3017560    0    0   759  1470  956    8 10  1 88  1  0  0 2026-09-28 12:27:19
 2  0      0 1810260  49628 3017696    0    0    18    48 2719 3455 55  3 42  0  0  0 2026-09-28 12:27:24
 1  0      0 1799100  49628 3017624    0    0     0     1 2431 2912 56  2 42  0  0  0 2026-09-28 12:27:29
 1  0      0 1792964  49628 3017696    0    0     0     1 2429 2900 57  2 41  0  0  0 2026-09-28 12:27:34
 1  0      0 1775972  49656 3017968    0    0     0    96 2478 2982 57  2 41  0  0  0 2026-09-28 12:27:39
 1  0      0 1777692  49656 3019428    0    0   166     8 2491 3079 57  2 41  0  0  0 2026-09-28 12:27:44
 1  0      0 1784952  49656 3019500    0    0     0     0 2433 2924 56  2 42  0  0  0 2026-09-28 12:27:49
 1  0      0 1782900  49656 3019572    0    0     0   537 2505 3033 56  3 41  0  0  0 2026-09-28 12:27:54
 3  0      0 1795812  49656 3020948    0    0   349     8 2505 3121 58  2 40  0  0  0 2026-09-28 12:27:59
 1  0      0 1782012  49656 3021264    0    0    49    13 2598 3381 59  2 39  0  0  0 2026-09-28 12:28:04
 1  0      0 1769996  49868 3028032    0    0  1188   250 2684 3427 60  3 36  1  0  0 2026-09-28 12:28:09
 1  0      0 1776796  49884 3029296    0    0    86    53 2411 2917 57  2 41  0  0  0 2026-09-28 12:28:14
 1  0      0 1739248  49884 3030040    0    0     2   106 2496 3155 56  3 41  0  0  0 2026-09-28 12:28:19
 2  0      0 1714340  49924 3030172    0    0    14   101 2490 3169 56  3 41  0  0  0 2026-09-28 12:28:24
 1  0      0 1753192  49932 3029808    0    0     1    25 2376 2809 57  2 41  0  0  0 2026-09-28 12:28:29
 1  0      0 1759476  49932 3029812    0    0     0    14 2419 2917 57  2 41  0  0  0 2026-09-28 12:28:34
 1  0      0 1743372  49960 3030276    0    0    65   113 2404 2935 55  3 42  0  0  0 2026-09-28 12:28:39
 1  0      0 1725868  49960 3030352    0    0     0   194 2497 3083 56  2 42  0  0  0 2026-09-28 12:28:44
 1  0      0 1745640  49960 3030420    0    0     0   158 2363 2772 56  2 41  0  0  0 2026-09-28 12:28:49
 1  0      0 1706596  49960 3031308    0    0    49   137 2469 3003 57  3 39  0  0  0 2026-09-28 12:28:54
 2  0      0 1707496  49996 3047712    0    0  3332    92 2501 2970 56  3 40  2  0  0 2026-09-28 12:28:59
procs -----------memory---------- ---swap-- -----io---- -system-- -------cpu------- -----timestamp-----
 r  b   swpd   free   buff  cache   si   so    bi    bo   in   cs us sy id wa st gu                 UTC
 3  0      0 1713508  49996 3047852    0    0     0    68 2695 3635 59  2 39  0  0  0 2026-09-28 12:29:04
 4  0      0 1716060  50028 3047956    0    0     0   154 2541 3163 58  2 40  0  0  0 2026-09-28 12:29:09
 1  0      0 1701356  50052 3048044    0    0    14   132 2468 3017 56  2 42  0  0  0 2026-09-28 12:29:14
 1  0      0 1701360  50052 3048192    0    0     0    14 2428 2949 56  2 42  0  0  0 2026-09-28 12:29:19
