procs -----------memory---------- ---swap-- -----io---- -system-- -------cpu------- -----timestamp-----
 r  b   swpd   free   buff  cache   si   so    bi    bo   in   cs us sy id wa st gu                 UTC
 0  0      0 1744756  50316 3049852    0    0   756  1463  963    8 10  1 88  1  0  0 2026-09-28 12:29:58
 1  0      0 1696276  50360 3050140    0    0   100    82 2875 3750 58  3 39  0  0  0 2026-09-28 12:30:03
 3  0      0 1700560  50360 3050676    0    0    26     1 2471 3001 57  2 41  0  0  0 2026-09-28 12:30:08
 1  0      0 1714360  50384 3050924    0    0    35    36 2434 2851 57  2 41  0  0  0 2026-09-28 12:30:13
 1  0      0 1705288  50384 3050992    0    0     0     1 2511 3080 56  2 41  0  0  0 2026-09-28 12:30:18
 1  0      0 1701880  50384 3051068    0    0     0     2 2435 2983 56  2 42  0  0  0 2026-09-28 12:30:23
 1  0      0 1704392  50384 3051128    0    0     0     1 2337 2709 55  2 43  0  0  0 2026-09-28 12:30:28
 1  0      0 1705012  50384 3050720    0    0     0   551 2440 2995 56  2 41  0  0  0 2026-09-28 12:30:33
 1  0      0 1703896  50384 3051460    0    0    26    86 2458 3086 57  2 41  0  0  0 2026-09-28 12:30:38
 1  0      0 1705448  50412 3051560    0    0     0    70 2476 3045 58  2 41  0  0  0 2026-09-28 12:30:43
 1  0      0 1701952  50412 3051836    0    0    41    16 2359 2677 55  3 42  0  0  0 2026-09-28 12:30:48
 4  0      0 1691680  50412 3051908    0    0     0    15 2470 3057 56  2 41  0  0  0 2026-09-28 12:30:53
 1  0      0 1709676  50412 3051988    0    0     0    11 2622 3374 59  2 39  0  0  0 2026-09-28 12:30:58
 2  0      0 1690504  50440 3051604    0    0     3    68 2375 2786 54  3 43  0  0  0 2026-09-28 12:31:03
 1  0      0 1667836  50448 3051752    0    0    18   150 2255 2452 52  3 44  0  0  0 2026-09-28 12:31:08
 1  0      0 1703096  50480 3052608    0    0    34   105 2834 4013 60  3 37  0  0  0 2026-09-28 12:31:13
 2  0      0 1707868  50480 3052684    0    0     0    14 2480 3083 58  2 40  0  0  0 2026-09-28 12:31:18
 3  0      0 1692668  50480 3052752    0    0     1    14 2418 2826 59  2 39  0  0  0 2026-09-28 12:31:23
 1  0      0 1697768  50480 3052828    0    0     0    14 2494 3060 56  2 42  0  0  0 2026-09-28 12:31:28
 1  0      0 1704488  50480 3052900    0    0     0    17 2389 2786 56  2 42  0  0  0 2026-09-28 12:31:33
 2  0      0 1705644  50480 3052988    0    0     0    12 2390 2801 56  2 42  0  0  0 2026-09-28 12:31:38
procs -----------memory---------- ---swap-- -----io---- -system-- -------cpu------- -----timestamp-----
 r  b   swpd   free   buff  cache   si   so    bi    bo   in   cs us sy id wa st gu                 UTC
 3  0      0 1674164  50504 3053072    0    0     0   189 2468 2970 55  3 42  0  0  0 2026-09-28 12:31:43
 1  0      0 1703052  50504 3053748    0    0     0    18 2444 2993 57  2 41  0  0  0 2026-09-28 12:31:48
 3  0      0 1715244  50504 3053832    0    0     0    11 2676 3578 59  2 39  0  0  0 2026-09-28 12:31:53
 1  0      0 1723052  50504 3053896    0    0     0    14 2434 2935 56  2 42  0  0  0 2026-09-28 12:31:58
