procs -----------memory---------- ---swap-- -----io---- -system-- -------cpu------- -----timestamp-----
 r  b   swpd   free   buff  cache   si   so    bi    bo   in   cs us sy id wa st gu                 UTC
 1  0      0 1983560  48376 2953392    0    0   764  1480  945    8 10  1 88  1  0  0 2026-09-28 12:23:09
 1  0      0 1980368  48420 2976480    0    0  4620    66 2479 2616 47  2 49  2  0  0 2026-09-28 12:23:14
 1  0      0 1967660  48448 2988872    0    0  2407    18 2418 2490 50  2 47  1  0  0 2026-09-28 12:23:19
 1  0      0 1957100  48464 2989096    0    0    36    29 2329 2403 50  1 49  0  0  0 2026-09-28 12:23:24
 1  0      0 1954856  48464 2989224    0    0    16     1 2271 2264 50  1 49  0  0  0 2026-09-28 12:23:29
 1  0      0 1957328  48464 2989592    0    0    63     2 2366 2497 50  1 48  0  0  0 2026-09-28 12:23:34
 1  0      0 1955044  48496 2990312    0    0    44   101 2277 2300 50  1 49  0  0  0 2026-09-28 12:23:39
 1  0      0 1949312  48500 2990532    0    0    34   474 2371 2482 50  1 48  0  0  0 2026-09-28 12:23:44
 1  0      0 1950908  48500 2990780    0    0    41    76 2341 2404 50  1 49  0  0  0 2026-09-28 12:23:49
 1  0      0 1974112  48508 2991968    0    0   146    10 2374 2471 50  2 48  0  0  0 2026-09-28 12:23:54
 1  0      0 1967348  48544 2992164    0    0     2    66 2355 2365 50  1 49  0  0  0 2026-09-28 12:23:59
 0  0      0 1963176  48548 2992608    0    0    16   113 2338 2340 49  1 49  0  0  0 2026-09-28 12:24:04
 1  0      0 1962876  48596 2993492    0    0   140   106 2293 2273 50  1 49  0  0  0 2026-09-28 12:24:09
