procs -----------memory---------- ---swap-- -----io---- -system-- -------cpu------- -----timestamp-----
 r  b   swpd   free   buff  cache   si   so    bi    bo   in   cs us sy id wa st gu                 UTC
 1  0      0 183000 114460 4609792    0    0   737  1609  831    7  7  1 91  1  0  0 2026-09-28 11:40:19
16  0      0 125544 114468 4610412    0    0    53    41 3423 8914 95  3  2  0  0  0 2026-09-28 11:40:24
31  0      0 128832 114468 4610360    0    0     0     0 3070 5693 95  2  0  0  3  0 2026-09-28 11:40:29
 7  0      0 254728 113336 4512808    0    0    57     1 3150 6245 94  3  1  0  3  0 2026-09-28 11:40:34
40  0      0 247768 113344 4513580    0    0   134    42 4697 19593 90  4  5  0  1  0 2026-09-28 11:40:39
19  0      0 247168 113344 4513720    0    0     0     4 3030 4740 98  2  0  0  1  0 2026-09-28 11:40:44
 8  0      0 243160 113344 4513760    0    0     0     0 3087 5456 95  2  1  0  3  0 2026-09-28 11:40:49
21  0      0 236892 113344 4514684    0    0    78   451 3536 9396 91  3  6  0  0  0 2026-09-28 11:40:54
40  0      0 236160 113344 4514432    0    0     0    62 2998 4904 98  2  0  0  0  0 2026-09-28 11:40:59
37  0      0 228384 113344 4514824    0    0    54    16 3271 7593 95  3  0  0  3  0 2026-09-28 11:41:04
18  0      0 223560 113364 4514884    0    0    16    66 3084 5711 95  2  0  0  3  0 2026-09-28 11:41:09
29  0      0 219152 113364 4515052    0    0     0    10 5084 22115 91  4  5  0  1  0 2026-09-28 11:41:14
40  0      0 218368 113364 4515088    0    0     0    18 3006 4793 97  2  0  0  1  0 2026-09-28 11:41:19
20  0      0 217912 113384 4515260    0    0     5   103 3292 7050 96  3  0  0  1  0 2026-09-28 11:41:24
24  0      0 212400 113384 4516696    0    0   262    98 3272 6823 96  2  2  0  0  0 2026-09-28 11:41:29
35  0      0 210188 113392 4516788    0    0     1    49 3217 5953 98  2  0  0  0  0 2026-09-28 11:41:34
27  0      0 207612 113404 4516816    0    0     0    27 3208 7193 98  2  0  0  0  0 2026-09-28 11:41:39
16  0      0 207132 113404 4516896    0    0     0    53 3237 6521 98  2  0  0  0  0 2026-09-28 11:41:44
16  0      0 206152 113404 4517068    0    0     0     8 3829 13360 93  3  5  0  0  0 2026-09-28 11:41:49
34  0      0 207324 113404 4517080    0    0     0    71 3139 4959 98  2  0  0  0  0 2026-09-28 11:41:54
20  0      0 204948 113404 4517368    0    0     0     1 3194 6020 98  2  0  0  0  0 2026-09-28 11:41:59
procs -----------memory---------- ---swap-- -----io---- -system-- -------cpu------- -----timestamp-----
 r  b   swpd   free   buff  cache   si   so    bi    bo   in   cs us sy id wa st gu                 UTC
26  0      0 204468 113404 4517408    0    0     0    89 3333 7505 97  3  0  0  0  0 2026-09-28 11:42:04
40  0      0 212052 113424 4517644    0    0    34    62 3190 5799 98  2  0  0  0  0 2026-09-28 11:42:09
14  0      0 215796 113424 4517744    0    0     0    10 3360 7455 98  2  0  0  0  0 2026-09-28 11:42:14
41  0      0 215300 113424 4518160    0    0    77    10 3271 6830 98  2  0  0  0  0 2026-09-28 11:42:19
