procs -----------memory---------- ---swap-- -----io---- -system-- -------cpu------- -----timestamp-----
 r  b   swpd   free   buff  cache   si   so    bi    bo   in   cs us sy id wa st gu                 UTC
 3  0      0 187552 118100 4692144    0    0   741  1617  821    7  7  1 92  1  0  0 2026-09-28 11:37:42
 8  0      0 181656 118112 4692820    0    0   133    76 2902 4307 96  2  2  0  0  0 2026-09-28 11:37:47
11  0      0 173820 118116 4694008    0    0   224    13 2893 4107 98  2  0  0  0  0 2026-09-28 11:37:52
 8  0      0 169232 118124 4694736    0    0   133    11 2891 4119 98  2  0  0  0  0 2026-09-28 11:37:57
10  0      0 168176 118132 4695384    0    0   130    23 2879 3983 98  2  0  0  0  0 2026-09-28 11:38:02
10  0      0 163540 118132 4696672    0    0   165     1 2916 4152 98  2  0  0  0  0 2026-09-28 11:38:07
10  0      0 173976 118152 4697136    0    0    78    58 2904 4024 98  2  0  0  0  0 2026-09-28 11:38:12
10  0      0 158292 118152 4698280    0    0   222   574 2837 3793 98  2  0  0  0  0 2026-09-28 11:38:17
 9  0      0 140616 118152 4698868    0    0   100    10 2873 3971 98  2  0  0  0  0 2026-09-28 11:38:22
10  0      0 286324 114088 4600948    0    0    43    10 2923 4167 97  3  0  0  0  0 2026-09-28 11:38:27
 8  0      0 287820 114096 4601744    0    0   155    66 2935 4163 98  2  0  0  0  0 2026-09-28 11:38:32
 9  0      0 276188 114096 4602184    0    0    27   109 2851 3904 98  2  0  0  0  0 2026-09-28 11:38:37
13  0      0 268072 114112 4603404    0    0   147    49 2918 4007 98  2  0  0  0  0 2026-09-28 11:38:42
 9  0      0 267128 114132 4603472    0    0     5   105 2907 4139 98  2  0  0  0  0 2026-09-28 11:38:47
 9  0      0 266408 114144 4603792    0    0    54    51 2913 4077 98  2  0  0  0  0 2026-09-28 11:38:52
10  0      0 262072 114188 4604320    0    0   115    75 2904 3965 98  2  0  0  0  0 2026-09-28 11:38:57
12  0      0 261352 114204 4604504    0    0     2   138 2904 4071 98  2  0  0  0  0 2026-09-28 11:39:02
10  0      0 260648 114204 4604824    0    0    51   105 2855 3857 98  2  0  0  0  0 2026-09-28 11:39:07
10  0      0 259928 114212 4605532    0    0   128   126 2880 4027 98  2  0  0  0  0 2026-09-28 11:39:12
10  0      0 247524 114212 4606016    0    0     0    12 2907 4077 98  2  0  0  0  0 2026-09-28 11:39:17
10  0      0 247044 114212 4607236    0    0   230    41 2906 3954 98  2  0  0  0  0 2026-09-28 11:39:22
procs -----------memory---------- ---swap-- -----io---- -system-- -------cpu------- -----timestamp-----
 r  b   swpd   free   buff  cache   si   so    bi    bo   in   cs us sy id wa st gu                 UTC
11  0      0 246324 114212 4607560    0    0    51    14 2843 3849 98  2  0  0  0  0 2026-09-28 11:39:27
10  0      0 243068 114212 4607380    0    0    14    10 2860 3746 98  2  0  0  0  0 2026-09-28 11:39:32
 7  0      0 241604 114212 4607580    0    0    26    10 2913 4135 98  2  0  0  0  0 2026-09-28 11:39:37
 7  0      0 245180 114224 4607644    0    0     0    94 2874 3845 98  2  0  0  0  0 2026-09-28 11:39:42
