procs -----------memory---------- ---swap-- -----io---- -system-- -------cpu------- -----timestamp-----
 r  b   swpd   free   buff  cache   si   so    bi    bo   in   cs us sy id wa st gu                 UTC
 0  0      0 156916 113600 4524996    0    0   733  1600  844    7  7  1 91  1  0  0 2026-09-28 11:43:03
40  0      0 176128 113604 4525124    0    0     2    47 3792 11865 89  3  8  0  0  0 2026-09-28 11:43:08
33  0      0 177204 113612 4525492    0    0     0    38 3057 4712 98  2  0  0  0  0 2026-09-28 11:43:13
21  0      0 171432 113612 4525652    0    0     0     0 3347 7724 97  3  0  0  0  0 2026-09-28 11:43:18
17  0      0 187868 113612 4525684    0    0     2    22 3352 6265 98  2  0  0  0  0 2026-09-28 11:43:23
26  0      0 145968 113656 4526768    0    0     2   134 3381 7244 97  3  0  0  0  0 2026-09-28 11:43:28
20  0      0 148532 113664 4526832    0    0     1    17 3227 7403 97  3  0  0  0  0 2026-09-28 11:43:33
40  0      0 140200 113664 4527264    0    0     0   618 3185 6542 97  2  0  0  0  0 2026-09-28 11:43:38
29  0      0 123528 113684 4527384    0    0     0   110 3287 7379 97  3  0  0  0  0 2026-09-28 11:43:43
11  0      0 212212 112412 4450568    0    0    90    22 3409 7618 97  3  0  0  0  0 2026-09-28 11:43:48
20  0      0 217228 112412 4450660    0    0     0     0 3305 8299 97  3  0  0  0  0 2026-09-28 11:43:53
34  0      0 209564 112428 4450752    0    0     0    63 3251 6472 98  2  0  0  0  0 2026-09-28 11:43:58
32  0      0 206872 112428 4450620    0    0     0   305 3263 6860 98  2  0  0  0  0 2026-09-28 11:44:03
 6  0      0 210736 112444 4450704    0    0     5   158 3378 6236 92  2  6  0  0  0 2026-09-28 11:44:08
40  0      0 206880 112464 4450948    0    0    34   110 3482 10654 96  2  1  0  0  0 2026-09-28 11:44:13
33  0      0 228784 112464 4451004    0    0     0   102 3165 5463 98  2  0  0  0  0 2026-09-28 11:44:18
34  0      0 214316 112464 4451628    0    0     0    10 3319 7842 97  3  0  0  0  0 2026-09-28 11:44:23
39  0      0 207036 112480 4451688    0    0     2    61 3233 6407 98  2  0  0  0  0 2026-09-28 11:44:28
10  0      0 205616 112484 4451476    0    0     1    37 3247 7390 98  2  0  0  0  0 2026-09-28 11:44:33
12  0      0 205136 112496 4451568    0    0     2    85 3239 7306 98  2  0  0  0  0 2026-09-28 11:44:38
11  0      0 200636 112516 4451652    0    0     0    41 3219 5885 98  2  0  0  0  0 2026-09-28 11:44:43
procs -----------memory---------- ---swap-- -----io---- -system-- -------cpu------- -----timestamp-----
 r  b   swpd   free   buff  cache   si   so    bi    bo   in   cs us sy id wa st gu                 UTC
18  0      0 198392 112516 4451776    0    0     0    25 3311 6960 98  2  0  0  0  0 2026-09-28 11:44:48
27  0      0 195544 112516 4451860    0    0     0   110 3268 6922 98  2  0  0  0  0 2026-09-28 11:44:53
12  0      0 201652 112516 4452360    0    0     0    17 3260 7499 98  2  0  0  0  0 2026-09-28 11:44:58
11  0      0 200164 112516 4452444    0    0    51     7 3281 7595 97  2  0  0  0  0 2026-09-28 11:45:03
