procs -----------memory---------- ---swap-- -----io---- -system-- -------cpu------- -----timestamp-----
 r  b   swpd   free   buff  cache   si   so    bi    bo   in   cs us sy id wa st gu                 UTC
 0  0      0 262760 117884 4644972    0    0   742  1622  817    7  6  1 92  1  0  0 2026-09-28 11:36:07
 2  0      0 254204 117920 4660356    0    0  2870    92 2423 2663 49  2 48  1  0  0 2026-09-28 11:36:12
 1  0      0 257708 117932 4665584    0    0  1026    25 2347 2494 50  2 48  0  0  0 2026-09-28 11:36:17
 1  0      0 252452 117932 4670216    0    0   916     2 2315 2385 50  1 48  0  0  0 2026-09-28 11:36:22
 1  0      0 235656 117932 4672652    0    0   406     1 2350 2481 51  1 48  0  0  0 2026-09-28 11:36:27
 1  0      0 230244 117932 4676016    0    0   662    28 2345 2458 50  1 48  0  0  0 2026-09-28 11:36:32
 1  0      0 215144 117932 4679684    0    0   705    15 2297 2359 50  1 48  0  0  0 2026-09-28 11:36:37
 1  0      0 224924 117940 4683136    0    0   680   474 2347 2478 50  1 48  0  0  0 2026-09-28 11:36:42
 1  0      0 213860 117940 4685212    0    0   405    11 2279 2310 51  1 48  0  0  0 2026-09-28 11:36:47
 1  0      0 214908 117940 4687432    0    0   434    10 2372 2554 50  2 48  0  0  0 2026-09-28 11:36:52
 1  0      0 208908 117940 4688608    0    0   224    81 2299 2386 49  1 49  0  0  0 2026-09-28 11:36:57
 1  0      0 185080 117940 4689264    0    0    38    10 2426 2507 50  2 49  0  0  0 2026-09-28 11:37:02
 1  0      0 209184 117940 4689908    0    0   118    10 2283 2338 50  1 49  0  0  0 2026-09-28 11:37:07
