procs -----------memory---------- ---swap-- -----io---- -system-- -------cpu------- -----timestamp-----
 r  b   swpd   free   buff  cache   si   so    bi    bo   in   cs us sy id wa st gu                 UTC
 0  0      0 205480  13072 3308708    0    0   813  1508 1010    8 11  1 87  1  0  0 2026-09-28 12:41:14
 8  0      0 179384  13092 3308888    0    0    26    44 3996 6009 60  3 36  0  0  0 2026-09-28 12:41:19
 5  0      0 196276  13092 3309040    0    0     0     1 3924 6521 68  3 29  0  0  0 2026-09-28 12:41:24
 2  0      0 180884  13092 3308768    0    0    22     1 3740 6103 65  3 32  0  0  0 2026-09-28 12:41:29
 2  0      0 175628  13092 3309024    0    0    12     1 3994 6571 68  4 28  0  0  0 2026-09-28 12:41:34
 5  0      0 191988  13136 3309472    0    0     2   118 3871 6289 67  4 29  0  0  0 2026-09-28 12:41:39
 2  0      0 191544  13144 3310824    0    0    16    14 4059 6892 69  4 28  0  0  0 2026-09-28 12:41:44
 4  0      0 211876  13144 3311028    0    0     0   452 3888 6326 66  4 30  0  0  0 2026-09-28 12:41:49
 1  0      0 197376  13144 3311224    0    0     0    11 3896 6361 67  4 29  0  0  0 2026-09-28 12:41:54
 1  0      0 182936  13144 3310588    0    0    69    29 3859 6136 67  4 29  0  0  0 2026-09-28 12:41:59
 1  0      0 204012  13144 3310904    0    0    33    36 3899 6318 67  3 29  0  0  0 2026-09-28 12:42:04
 3  0      0 221252  13172 3311076    0    0     0    86 4164 7096 70  4 26  0  0  0 2026-09-28 12:42:09
 1  0      0 247528  12396 3298900    0    0    17    37 3822 6034 67  3 30  0  0  0 2026-09-28 12:42:14
 3  0      0 214796  12516 3299116    0    0    20   346 3864 6316 67  4 29  0  0  0 2026-09-28 12:42:19
 1  0      0 223176  12516 3299400    0    0    17    37 3871 6458 67  3 29  0  0  0 2026-09-28 12:42:24
 1  0      0 217320  12516 3298432    0    0    18    40 3801 6109 67  3 30  0  0  0 2026-09-28 12:42:29
 1  0      0 207180  12516 3298628    0    0     0    37 3900 6284 70  3 26  0  0  0 2026-09-28 12:42:34
 1  0      0 216576  12552 3298852    0    0     5    86 3810 6206 67  4 29  0  0  0 2026-09-28 12:42:39
 2  0      0 191836  12568 3302280    0    0   646    94 3923 6374 67  3 29  0  0  0 2026-09-28 12:42:44
 1  0      0 236036  12496 3297912    0    0    14   304 3956 6513 69  4 27  0  0  0 2026-09-28 12:42:49
 3  0      0 224400  12648 3305304    0    0  1480    37 3948 6344 66  4 29  1  0  0 2026-09-28 12:42:54
procs -----------memory---------- ---swap-- -----io---- -system-- -------cpu------- -----timestamp-----
 r  b   swpd   free   buff  cache   si   so    bi    bo   in   cs us sy id wa st gu                 UTC
 5  0      0 158124  13816 3356968    0    0 19600  1202 4338 6667 76 10 11  2  0  0 2026-09-28 12:42:59
 6  0      0 406112  14152 3029536    0    0 44131 23664 3737 5045 89  7  0  4  0  0 2026-09-28 12:43:04
 1  0      0 318492  14228 3143404    0    0   160   144 3521 5375 78  5 17  0  0  0 2026-09-28 12:43:09
 2  0      0 342244  14228 3143632    0    0     0    37 3909 6291 67  4 29  0  0  0 2026-09-28 12:43:14
