procs -----------memory---------- ---swap-- -----io---- -system-- -------cpu------- -----timestamp-----
 r  b   swpd   free   buff  cache   si   so    bi    bo   in   cs us sy id wa st gu                 UTC
 0  0      0 178808  23740 3561740    0    0   819  1522  987    8 10  1 88  1  0  0 2026-09-28 12:36:02
 1  0      0 172344  23768 3562032    0    0    56    57 3716 6028 62  3 35  0  0  0 2026-09-28 12:36:07
 1  0      0 176340  21632 3457424    0    0   151    28 3613 5775 62  4 34  0  0  0 2026-09-28 12:36:12
 1  0      0 156464  21632 3458396    0    0    87     1 3555 5732 64  3 33  0  0  0 2026-09-28 12:36:17
 1  0      0 158404  21632 3458592    0    0     0     0 3630 5989 64  3 33  0  0  0 2026-09-28 12:36:22
 1  0      0 160228  21632 3458832    0    0    25     2 3600 5751 62  2 35  0  0  0 2026-09-28 12:36:27
 3  0      0 155476  21632 3459084    0    0    26     1 3685 6049 63  2 34  0  0  0 2026-09-28 12:36:32
 4  0      0 156236  21632 3459280    0    0     0   502 3734 6021 62  4 34  0  0  0 2026-09-28 12:36:37
 1  0      0 161616  21660 3460232    0    0   166    57 3967 6264 62  4 34  0  0  0 2026-09-28 12:36:42
 1  0      0 157012  21660 3461788    0    0    70   109 4033 6471 64  4 33  0  0  0 2026-09-28 12:36:47
 3  0      0 147164  21660 3461912    0    0     0    35 3890 6357 62  4 34  0  0  0 2026-09-28 12:36:52
 5  0      0 146932  21660 3462096    0    0    12    22 3780 6012 62  3 35  0  0  0 2026-09-28 12:36:57
 2  0      0 145748  21660 3462312    0    0    16    22 3677 5900 63  3 34  0  0  0 2026-09-28 12:37:02
 1  0      0 137204  21700 3463380    0    0   191   123 3672 6028 64  3 33  0  0  0 2026-09-28 12:37:07
 2  0      0 136512  21732 3463628    0    0    25    53 3549 5700 62  2 36  0  0  0 2026-09-28 12:37:12
 1  0      0 269760  20940 3357032    0    0     0   264 3578 5855 63  3 34  0  0  0 2026-09-28 12:37:17
 1  0      0 254064  20940 3358356    0    0    35    22 3736 6149 65  3 33  0  0  0 2026-09-28 12:37:22
 4  0      0 251328  20940 3358480    0    0     0    21 3632 5867 63  3 34  0  0  0 2026-09-28 12:37:27
 3  0      0 250132  20940 3358452    0    0    45    36 3545 5770 63  2 35  0  0  0 2026-09-28 12:37:32
 1  0      0 247412  20940 3358576    0    0     0    43 3629 5897 64  3 34  0  0  0 2026-09-28 12:37:37
 2  0      0 243684  20968 3358768    0    0     0    68 3610 5757 63  3 34  0  0  0 2026-09-28 12:37:42
procs -----------memory---------- ---swap-- -----io---- -system-- -------cpu------- -----timestamp-----
 r  b   swpd   free   buff  cache   si   so    bi    bo   in   cs us sy id wa st gu                 UTC
 2  0      0 249176  21284 3361060    0    0   190   133 3550 5681 66  3 31  1  0  0 2026-09-28 12:37:47
 1  0      0 251924  21284 3361180    0    0     0   230 3615 5823 64  2 34  0  0  0 2026-09-28 12:37:52
 1  0      0 233960  21284 3362640    0    0    34    22 3522 5695 64  3 34  0  0  0 2026-09-28 12:37:57
 1  0      0 228188  21284 3362400    0    0     0    35 3563 5669 63  3 34  0  0  0 2026-09-28 12:38:02
