procs -----------memory---------- ---swap-- -----io---- -system-- -------cpu------- -----timestamp-----
 r  b   swpd   free   buff  cache   si   so    bi    bo   in   cs us sy id wa st gu                 UTC
 0  0      0 218992  12128 3330880    0    0   816  1515  998    8 11  1 87  1  0  0 2026-09-28 12:38:37
 6  0      0 198528  12180 3331412    0    0    80    60 3773 6399 63  3 33  0  0  0 2026-09-28 12:38:42
 1  0      0 180760  12180 3331872    0    0    78    26 3485 5735 67  3 29  0  0  0 2026-09-28 12:38:47
 3  0      0 180028  12180 3332292    0    0    44     1 3566 6045 69  3 28  0  0  0 2026-09-28 12:38:52
 1  0      0 174772  12180 3332496    0    0    14     1 3784 6475 69  3 28  0  0  0 2026-09-28 12:38:57
 2  0      0 139756  12212 3333140    0    0    26    93 3701 6188 67  3 29  0  0  0 2026-09-28 12:39:02
 4  0      0 146400  12200 3303052    0    0     0    51 3673 6065 68  4 28  0  0  0 2026-09-28 12:39:07
 1  0      0 175276  12252 3289356    0    0     0   602 3838 6320 68  3 28  0  0  0 2026-09-28 12:39:12
 1  0      0 169788  12252 3289556    0    0     0    14 3741 6257 67  4 30  0  0  0 2026-09-28 12:39:17
 3  0      0 165552  12260 3289852    0    0    19    62 3694 6241 67  3 30  0  0  0 2026-09-28 12:39:22
 1  0      0 155312  12260 3277440    0    0    45    22 3613 5783 66  3 30  0  0  0 2026-09-28 12:39:27
 4  0      0 154676  12260 3276976    0    0    44   242 3664 6049 68  3 28  0  0  0 2026-09-28 12:39:32
 3  0      0 175228  12016 3275280    0    0     0    37 3830 6516 68  3 29  0  0  0 2026-09-28 12:39:37
 2  0      0 170484  12072 3276004    0    0    26   226 3894 6522 69  3 27  0  0  0 2026-09-28 12:39:42
 1  0      0 169324  12072 3276220    0    0     3    40 3673 5940 67  3 30  0  0  0 2026-09-28 12:39:47
 1  0      0 168132  12072 3276416    0    0     0    40 3725 6117 68  3 30  0  0  0 2026-09-28 12:39:52
 3  0      0 168516  12072 3277484    0    0   173    38 3694 5855 68  3 28  0  0  0 2026-09-28 12:39:57
 1  0      0 152696  12088 3277364    0    0   126    66 3675 5960 67  4 29  0  0  0 2026-09-28 12:40:02
 1  0      0 143912  12088 3277572    0    0     0   290 3808 6098 67  3 30  0  0  0 2026-09-28 12:40:07
 1  0      0 234588  11972 3275108    0    0    18   128 3851 6392 68  4 28  0  0  0 2026-09-28 12:40:12
 1  0      0 221536  11972 3275308    0    0     0    36 3737 6195 67  3 30  0  0  0 2026-09-28 12:40:17
procs -----------memory---------- ---swap-- -----io---- -system-- -------cpu------- -----timestamp-----
 r  b   swpd   free   buff  cache   si   so    bi    bo   in   cs us sy id wa st gu                 UTC
 5  0      0 219700  11972 3275512    0    0     0    37 3842 6523 68  3 28  0  0  0 2026-09-28 12:40:22
 3  0      0 226948  11972 3275712    0    0     0    41 3686 5922 67  3 30  0  0  0 2026-09-28 12:40:27
 5  0      0 217844  11972 3276032    0    0    22   278 3636 5860 67  3 29  0  0  0 2026-09-28 12:40:32
 3  0      0 210840  11972 3276332    0    0    20    37 3763 6279 68  3 29  0  0  0 2026-09-28 12:40:37
