procs -----------memory---------- ---swap-- -----io---- -system-- -------cpu------- -----timestamp-----
 r  b   swpd   free   buff  cache   si   so    bi    bo   in   cs us sy id wa st gu                 UTC
 0  0      0 168100  23108 3538704    0    0   821  1526  983    8 10  1 88  1  0  0 2026-09-28 12:34:27
 1  0      0 154652  23160 3544988    0    0  1249    75 2667 2918 46  2 52  1  0  0 2026-09-28 12:34:32
 1  0      0 180012  23168 3549892    0    0   832   113 2642 2931 47  2 51  0  0  0 2026-09-28 12:34:37
 1  0      0 177268  23192 3550044    0    0    17    38 2596 2787 47  1 52  0  0  0 2026-09-28 12:34:42
 1  0      0 176340  23192 3550864    0    0   150     5 2569 2767 47  2 52  0  0  0 2026-09-28 12:34:47
 1  0      0 175620  23192 3551164    0    0    46     2 2580 2831 46  1 52  0  0  0 2026-09-28 12:34:52
 2  0      0 182980  23192 3551448    0    0    42     1 2574 2731 47  2 51  0  0  0 2026-09-28 12:34:57
 2  0      0 183724  23192 3551516    0    0     0   426 2540 2698 46  2 52  0  0  0 2026-09-28 12:35:02
 1  0      0 183244  23192 3551584    0    0     0    79 2592 2847 47  1 52  0  0  0 2026-09-28 12:35:07
 1  0      0 183936  23216 3552408    0    0    39    86 2615 2810 46  2 52  0  0  0 2026-09-28 12:35:12
 1  0      0 183456  23216 3552480    0    0     0    13 2558 2736 46  2 52  0  0  0 2026-09-28 12:35:17
 1  0      0 182736  23216 3552556    0    0     0    14 2553 2785 46  2 52  0  0  0 2026-09-28 12:35:22
 0  0      0 185012  23216 3552628    0    0     0    14 2539 2739 46  1 52  0  0  0 2026-09-28 12:35:27
